0, 0, 0
0.025, 2.21543, 0.591507
0.05, 6.50292, 1.75933
0.075, 12.6973, 3.4753
0.1, 20.5964, 5.69929
0.125, 29.9622, 8.37508
0.15, 40.5249, 11.4274
0.175, 51.9881, 14.7585
0.2, 64.0355, 18.2445
0.225, 76.3371, 21.7382
0.25, 88.5587, 25.0872
0.275, 100.372, 28.1689
0.3, 111.464, 30.9208
0.325, 121.539, 33.3312
0.35, 130.324, 35.3952
0.375, 137.579, 37.0903
0.4, 143.106, 38.396
0.425, 146.749, 39.3182
0.45, 148.397, 39.8877
0.475, 147.99, 40.1467
0.5, 145.522, 40.1388
0.525, 141.031, 39.8968
0.55, 134.609, 39.426
0.575, 126.393, 38.6878
0.6, 116.563, 37.6021
0.625, 105.342, 36.0688
0.65, 92.9861, 34.0007
0.675, 79.7841, 31.3607
0.7, 66.0463, 28.1858
0.725, 52.0991, 24.5853
0.75, 38.275, 20.7176
0.775, 24.9025, 16.7582
0.8, 12.2955, 12.8762
0.825, 0.743895, 9.21853
0.85, -9.49231, 5.89581
0.875, -18.1834, 2.97494
0.9, -25.1296, 0.495185
0.925, -30.167, -1.50044
0.95, -33.1781, -2.95823
0.975, -34.1, -3.83832
1, -32.9247, -4.1298
1.025, -29.6952, -3.83865
1.05, -24.5035, -2.97551
1.075, -17.4897, -1.55863
1.1, -8.83961, 0.37932
1.125, 1.21985, 2.7899
1.15, 12.4264, 5.61055
1.175, 24.4894, 8.76489
1.2, 37.0981, 12.1601
1.225, 49.93, 15.6823
1.25, 62.6578, 19.1935
1.275, 74.9544, 22.538
1.3, 86.501, 25.5707
1.325, 97.001, 28.207
1.35, 106.19, 30.4509
1.375, 113.834, 32.35
1.4, 119.732, 33.9221
1.425, 123.725, 35.1498
1.45, 125.705, 36.0241
1.475, 125.614, 36.5529
1.5, 123.442, 36.7366
1.525, 119.229, 36.557
1.55, 113.07, 35.974
1.575, 105.103, 34.9272
1.6, 95.5126, 33.3496
1.625, 84.5242, 31.1914
1.65, 72.3981, 28.4441
1.675, 59.424, 25.1592
1.7, 45.9143, 21.4495
1.725, 32.1955, 17.4703
1.75, 18.5991, 13.39
1.775, 5.4505, 9.36429
1.8, -6.94081, 5.52002
1.825, -18.2882, 1.94719
1.85, -28.3296, -1.29776
1.875, -36.8267, -4.16966
1.9, -43.5716, -6.60938
1.925, -48.4002, -8.55185
1.95, -51.2022, -9.95591
1.975, -51.9204, -10.804
2, -50.5461, -11.0772
2.025, -47.1199, -10.7548
2.05, -41.7331, -9.83561
2.075, -34.5266, -8.34583
2.1, -25.6864, -6.32983
2.125, -15.4392, -3.84266
2.15, -4.04719, -0.947874
2.175, 8.19885, 2.28216
2.2, 20.9875, 5.76413
2.225, 33.9957, 9.39865
2.25, 46.8976, 13.0645
2.275, 59.3698, 16.6201
2.3, 71.0958, 19.9216
2.325, 81.7742, 22.8557
2.35, 91.1338, 25.3713
2.375, 98.943, 27.4814
2.4, 105.006, 29.2215
2.425, 109.163, 30.6029
2.45, 111.302, 31.6105
2.475, 111.366, 32.2268
2.5, 109.346, 32.4354
2.525, 105.282, 32.2085
2.55, 99.2673, 31.5044
2.575, 91.4426, 30.2746
2.6, 81.9927, 28.4773
2.625, 71.143, 26.097
2.65, 59.1547, 23.1638
2.675, 46.3181, 19.7609
2.7, 32.9456, 16.0166
2.725, 19.3635, 12.0818
2.75, 5.90198, 8.10456
2.775, -7.11565, 4.21062
2.8, -19.3817, 0.49399
2.825, -30.6087, -2.98125
2.85, -40.5299, -6.16372
2.875, -48.9015, -8.99022
2.9, -55.5152, -11.3866
2.925, -60.2122, -13.296
2.95, -62.8865, -14.6828
2.975, -63.4798, -15.5068
3, -61.981, -15.7251
3.025, -58.4307, -15.3239
3.05, -52.9212, -14.3245
3.075, -45.5938, -12.7647
3.1, -36.6342, -10.6884
3.125, -26.2689, -8.14816
3.15, -14.7599, -5.20612
3.175, -2.39828, -1.93264
3.2, 10.5042, 1.59343
3.225, 23.624, 5.28142
3.25, 36.635, 9.02249
3.275, 49.2159, 12.6858
3.3, 61.0531, 16.1288
3.325, 71.8457, 19.227
3.35, 81.3182, 21.9075
3.375, 89.2353, 24.1578
3.4, 95.4033, 26.0005
3.425, 99.6661, 27.4527
3.45, 101.91, 28.5089
3.475, 102.076, 29.1499
3.5, 100.155, 29.3517
3.525, 96.1902, 29.0828
3.55, 90.2726, 28.3046
3.575, 82.5429, 26.9784
3.6, 73.1866, 25.0793
3.625, 62.4295, 22.6117
3.65, 50.533, 19.6233
3.675, 37.7876, 16.2081
3.7, 24.5058, 12.4952
3.725, 11.0135, 8.62659
3.75, -2.36022, 4.73381
3.775, -15.293, 0.923308
3.8, -27.4778, -2.72761
3.825, -38.6253, -6.1616
3.85, -48.465, -9.31881
3.875, -56.7509, -12.1229
3.9, -63.2772, -14.4996
3.925, -67.889, -16.3961
3.95, -70.4808, -17.7632
3.975, -70.9922, -18.5428
4, -69.4115, -18.6997
4.025, -65.7799, -18.2423
4.05, -60.1907, -17.1994
4.075, -52.7848, -15.6029
4.1, -43.7476, -13.4926
4.125, -33.3056, -10.9209
4.15, -21.7208, -7.95018
4.175, -9.28417, -4.65048
4.2, 3.69228, -1.09944
4.225, 16.8845, 2.61599
4.25, 29.966, 6.39432
4.275, 42.6162, 10.1135
4.3, 54.5235, 13.635
4.325, 65.3888, 16.8285
4.35, 74.9351, 19.6076
4.375, 82.9235, 21.9457
4.4, 89.16, 23.8558
4.425, 93.491, 25.353
4.45, 95.8038, 26.4344
4.475, 96.0363, 27.0833
4.5, 94.1809, 27.2757
4.525, 90.2802, 26.9801
4.55, 84.4262, 26.1601
4.575, 76.759, 24.7834
4.6, 67.4642, 22.8347
4.625, 56.768, 20.3295
4.65, 44.9317, 17.3247
4.675, 32.246, 13.9185
4.7, 19.0234, 10.2381
4.725, 5.58944, 6.41764
4.75, -7.72723, 2.5778
4.775, -20.6051, -1.18633
4.8, -32.7369, -4.80534
4.825, -43.8318, -8.22147
4.85, -53.6169, -11.3664
4.875, -61.8458, -14.158
4.9, -68.315, -16.5242
4.925, -72.8719, -18.4094
4.95, -75.4101, -19.7515
4.975, -75.8679, -20.4905
5, -74.2335, -20.6074
