0, 0, 0
0.025, 2.23609, 0.586635
0.05, 6.54492, 1.74544
0.075, 12.7643, 3.44789
0.1, 20.687, 5.65206
0.125, 30.0762, 8.30368
0.15, 40.66, 11.3375
0.175, 52.1431, 14.6787
0.2, 64.2087, 18.245
0.225, 76.5296, 21.9484
0.25, 88.7725, 25.6974
0.275, 100.609, 29.3992
0.3, 111.72, 32.9617
0.325, 121.808, 36.2963
0.35, 130.599, 39.3196
0.375, 137.855, 41.9553
0.4, 143.373, 44.1368
0.425, 146.996, 45.808
0.45, 148.613, 46.9255
0.475, 148.164, 47.4589
0.5, 145.64, 47.3921
0.525, 141.084, 46.7237
0.55, 134.588, 45.4666
0.575, 126.293, 43.6483
0.6, 116.387, 41.3096
0.625, 105.094, 38.5044
0.65, 92.6757, 35.2974
0.675, 79.4204, 31.7636
0.7, 65.6375, 27.9857
0.725, 51.6501, 24.0522
0.75, 37.7862, 20.0556
0.775, 24.3712, 16.0898
0.8, 11.7199, 12.2478
0.825, 0.128178, 8.61966
0.85, -10.1337, 5.28996
0.875, -18.828, 2.33603
0.9, -25.7554, -0.174125
0.925, -30.76, -2.18345
0.95, -33.7327, -3.64721
0.975, -34.6146, -4.53413
1, -33.3979, -4.82713
1.025, -30.1262, -4.52375
1.05, -24.8938, -3.63622
1.075, -17.8428, -2.19111
1.1, -9.16013, -0.228713
1.125, 0.927436, 2.19798
1.15, 12.1586, 5.02457
1.175, 24.244, 8.17686
1.2, 36.8736, 11.5727
1.225, 49.7238, 15.1238
1.25, 62.4661, 18.7384
1.275, 74.7746, 22.3229
1.3, 86.3341, 25.7845
1.325, 96.8482, 29.0335
1.35, 106.046, 31.9856
1.375, 113.69, 34.5635
1.4, 119.581, 36.6996
1.425, 123.561, 38.3367
1.45, 125.523, 39.4304
1.475, 125.405, 39.9496
1.5, 123.201, 39.8772
1.525, 118.954, 39.2109
1.55, 112.758, 37.963
1.575, 104.754, 36.1602
1.6, 95.1299, 33.8429
1.625, 84.1116, 31.064
1.65, 71.9604, 27.8882
1.675, 58.9655, 24.3896
1.7, 45.4368, 20.6506
1.725, 31.6975, 16.7593
1.75, 18.0762, 12.8079
1.775, 4.89861, 8.88977
1.8, -7.52032, 5.09775
1.825, -18.8843, 1.52152
1.85, -28.9228, -1.7545
1.875, -37.3979, -4.65326
1.9, -44.1101, -7.10694
1.925, -48.9033, -9.05865
1.95, -51.6682, -10.4639
1.975, -52.3457, -11.2914
2, -50.9279, -11.5244
2.025, -47.4584, -11.1605
2.05, -42.031, -10.2121
2.075, -34.7881, -8.70575
2.1, -25.9162, -6.68195
2.125, -15.6421, -4.19373
2.15, -4.22711, -1.30557
2.175, 8.03968, 1.90826
2.2, 20.8481, 5.36551
2.225, 33.875, 8.97797
2.25, 46.7915, 12.6537
2.275, 59.2719, 16.299
2.3, 71.0012, 19.8213
2.325, 81.683, 23.1307
2.35, 91.0467, 26.1428
2.375, 98.8544, 28.7805
2.4, 104.906, 30.9759
2.425, 109.046, 32.6721
2.45, 111.165, 33.8245
2.475, 111.204, 34.4018
2.5, 109.154, 34.3872
2.525, 105.059, 33.7782
2.55, 99.013, 32.5872
2.575, 91.158, 30.8408
2.6, 81.6808, 28.5794
2.625, 70.8079, 25.856
2.65, 58.8004, 22.735
2.675, 45.9475, 19.2909
2.7, 32.5593, 15.6058
2.725, 18.9589, 11.768
2.75, 5.47496, 7.86948
2.775, -7.56678, 4.00378
2.8, -19.8514, 0.263678
2.825, -31.0825, -3.26115
2.85, -40.9896, -6.48627
2.875, -49.3348, -9.33462
2.9, -55.9186, -11.7384
2.925, -60.5846, -13.6407
2.95, -63.2239, -14.9969
2.975, -63.7771, -15.776
3, -62.2363, -15.9611
3.025, -58.6452, -15.5498
3.05, -53.0975, -14.5544
3.075, -45.7356, -13.0017
3.1, -36.746, -10.932
3.125, -26.3556, -8.39828
3.15, -14.8254, -5.46513
3.175, -2.44469, -2.20679
3.2, 10.4765, 1.2945
3.225, 23.6147, 4.95052
3.25, 36.6415, 8.66929
3.275, 49.231, 12.3573
3.3, 61.0682, 15.9217
3.325, 71.8567, 19.2729
3.35, 81.326, 22.3263
3.375, 89.2381, 25.0049
3.4, 95.3934, 27.2408
3.425, 99.6356, 28.977
3.45, 101.856, 30.169
3.475, 101.994, 30.7855
3.5, 100.043, 30.8097
3.525, 96.0459, 30.2391
3.55, 90.0967, 29.0861
3.575, 82.3376, 27.3773
3.6, 72.955, 25.153
3.625, 62.1758, 22.4664
3.65, 50.261, 19.3819
3.675, 37.4999, 15.9737
3.7, 24.2023, 12.3242
3.725, 10.6917, 8.52166
3.75, -2.70347, 4.65799
3.775, -15.6574, 0.826774
3.8, -27.8551, -2.87922
3.825, -39.0002, -6.37031
3.85, -48.8223, -9.56205
3.875, -57.0834, -12.3774
3.9, -63.584, -14.7484
3.925, -68.1677, -16.6183
3.95, -70.7256, -17.9426
3.975, -71.1982, -18.6901
4, -69.5778, -18.8439
4.025, -65.9078, -18.4016
4.05, -60.2822, -17.3757
4.075, -52.8431, -15.7926
4.1, -43.7772, -13.693
4.125, -33.3113, -11.1296
4.15, -21.7064, -8.16718
4.175, -9.25184, -4.87984
4.2, 3.7424, -1.34986
4.225, 16.953, 2.33453
4.25, 30.0513, 6.08136
4.275, 42.7115, 9.79711
4.3, 54.6188, 13.389
4.325, 65.4765, 16.7673
4.35, 75.0143, 19.8476
4.375, 82.9942, 22.5528
4.4, 89.2165, 24.815
4.425, 93.525, 26.5773
4.45, 95.8106, 27.795
4.475, 96.014, 28.437
4.5, 94.1271, 28.4864
4.525, 90.1936, 27.9408
4.55, 84.3072, 26.8125
4.575, 76.6102, 25.1281
4.6, 67.2892, 22.9279
4.625, 56.5708, 20.2652
4.65, 44.7162, 17.2043
4.675, 32.0146, 13.8196
4.7, 18.7759, 10.1932
4.725, 5.32354, 6.41356
4.75, -8.01398, 2.57253
4.775, -20.9109, -1.23629
4.8, -33.0522, -4.92013
4.825, -44.1415, -8.3893
4.85, -53.9084, -11.5593
4.875, -62.1149, -14.3532
4.9, -68.5614, -16.703
4.925, -73.0917, -18.5519
4.95, -75.5967, -19.8554
4.975, -76.017, -20.5824
5, -74.3449, -20.7158
